25 -88 -79 -86 -32 -77 40 87 83 7 -85 -74 14 55 18 -61 26 -34 100 -42 -53 -62 34 15 -21 89 35 3 -21 -90 93 -79 -60 -38 6 -55 -61 82 82 -31 -84 56 37 -74 54 25 -13 -54 -57 77 -75 89 -59 10 -72 13 64 100 39 69 -8 94 -69 -13 45 -6 -71 -17 -15 41 33 -2 82 -17 19 -58 -74 46 -77 87 -27 24 93 69 70 23 49 81 92 -50 -83 91 23 -93 -57 -79 -92 14 43 -100 24 
-5 -59 -98 -41 -44 49 86 50 53 -69 -58 -5 98 81 84 90 -30 -64 21 35 2 -20 22 -63 -47 -99 10 35 -6 -12 15 -30 39 -72 90 -46 89 82 -61 38 -9 -59 -100 61 -59 -94 -72 60 46 -49 34 88 63 -75 53 -71 -21 -61 15 94 66 -45 95 19 19 -6 -10 37 -83 32 -79 -24 66 -48 -93 -85 -5 75 -54 26 -55 -37 72 -63 -94 -71 22 32 93 -6 10 -86 -23 92 -86 -57 -6 -25 72 37 10 
42 -64 -33 -11 -43 58 75 -20 49 70 9 -12 75 -29 -89 -98 78 82 28 63 -65 -42 69 -26 -69 100 -99 65 -25 -87 44 -57 44 24 -63 -27 32 -18 -21 -35 58 30 -33 -6 -28 -3 -39 -64 57 86 -78 91 63 -32 -79 18 -38 9 6 -90 -12 -1 -82 -15 -96 42 -63 -54 -97 34 80 30 84 74 -80 -23 95 92 -53 -98 73 -47 -93 21 -88 97 -31 5 36 -61 -20 63 44 -57 -57 -6 -87 49 53 -53 18 
-27 58 -60 0 -24 -37 12 -83 -2 2 74 -92 -3 4 98 -96 27 -44 -100 -95 -93 83 7 67 39 46 18 -72 -60 93 59 -68 -45 59 -9 78 31 -3 -48 29 -42 -95 -16 29 -32 -45 45 -30 -16 78 38 -44 -77 13 -15 -58 14 83 0 26 -27 78 -64 79 19 -69 -77 16 -28 -86 -57 -22 78 79 -92 -65 -74 -28 28 -83 -26 78 91 30 -44 -95 -57 55 -30 84 6 14 22 85 68 -83 -17 -72 -62 -90 -41 
-37 -91 -24 -8 6 53 -85 -54 21 73 63 -63 -43 -36 20 -91 -93 -11 -64 -13 -93 -87 20 17 -9 77 36 45 6 -24 73 -94 58 38 92 -8 -53 -51 4 34 -15 -24 -45 -14 -19 17 88 -46 -26 8 65 10 -90 75 77 -70 93 -43 -58 -30 -51 -41 59 47 61 68 3 -83 -8 -55 -73 10 45 3 55 36 77 -47 7 -30 -56 -11 -40 -34 -34 -86 -54 -60 76 -57 41 65 35 28 -3 -92 60 0 -76 -91 89 
-50 64 36 56 72 -92 -89 87 -12 -77 -98 -10 -57 -96 68 40 -37 -32 99 -38 -64 79 2 86 -92 -77 17 -75 83 67 76 12 86 -73 -61 72 88 35 46 13 35 -51 -88 -94 -44 31 99 -87 81 -35 -80 -47 -12 -85 -60 18 62 36 83 -93 71 56 -54 41 61 79 -27 30 -25 24 -70 53 99 -93 -8 -72 100 -58 -65 -40 -5 64 6 94 5 71 87 -34 77 80 36 55 -39 68 -75 7 63 -9 6 -75 90 
66 -86 -69 -43 20 -33 35 -27 16 38 19 87 17 -98 -79 -67 7 78 35 -69 -40 -86 -24 -96 -29 70 25 -52 -14 -93 82 -49 -5 35 -71 91 95 61 -17 55 -98 -80 6 28 9 -78 25 42 -1 73 -88 -92 33 3 -36 97 -91 -80 -60 87 84 -51 -28 -32 46 -32 -97 80 16 -42 -27 53 -60 -54 -2 -53 42 -66 -4 89 -66 27 100 -98 -29 71 -15 -48 -29 -83 -73 7 50 -59 -98 -79 -24 -86 93 -68 -58 
22 -65 79 -87 88 -26 73 -20 -5 -85 -38 33 -49 -82 90 27 -15 64 38 9 -48 -84 30 73 35 89 -93 21 -40 -94 -23 -79 91 80 22 -8 -98 -61 -67 95 -34 -70 36 4 45 32 6 0 94 -95 27 59 44 39 -77 -65 23 67 67 -61 69 -10 26 45 81 33 -51 48 -89 -94 56 45 -92 -56 -24 -73 47 15 78 -17 -11 27 -40 39 57 19 71 -34 -44 -71 -8 -33 58 -59 35 -62 37 -77 35 -42 27 
75 18 1 37 40 69 -99 -12 11 -36 87 14 -47 20 -37 42 68 50 -99 28 73 28 -73 16 -60 -15 -96 -94 -45 94 82 40 91 19 -22 80 -42 -27 -28 -27 -49 32 37 56 74 80 56 -100 -42 -9 83 -100 -55 13 -56 86 3 -77 30 2 -91 58 -79 -76 -21 -79 61 63 30 69 94 53 -3 45 5 26 39 -1 -2 -53 67 -14 23 95 59 -63 -19 30 86 -29 -49 -65 -63 46 -61 40 -19 28 -60 92 59 
49 -10 34 -50 62 -76 61 96 35 -17 66 37 70 -23 36 73 -16 36 -52 26 -64 2 -55 55 -86 -43 -47 84 -63 91 -23 -89 -30 26 25 63 67 82 -65 -73 5 -94 31 76 60 -56 16 91 14 -29 -96 -28 -57 -21 -52 -36 49 27 69 -63 55 11 -41 -98 -44 -29 -37 61 4 -25 69 81 27 6 -81 -84 75 -6 -62 1 52 -14 -28 -68 89 13 -15 -55 -35 -63 -26 26 -89 66 93 56 48 -30 73 52 -97 
-58 26 -9 -26 71 -25 31 -83 -95 -76 90 82 -76 59 11 58 -51 35 -60 64 0 2 -68 84 94 56 25 -22 36 -59 -59 -76 94 -64 82 -4 -65 -53 98 -1 49 -56 88 -96 66 -38 73 -17 56 -62 -12 -22 -89 81 94 66 -20 98 91 19 67 47 71 35 14 22 -27 -100 -31 -26 -20 -17 83 -43 77 82 95 -38 -49 -14 -8 2 -23 -17 -41 87 -77 -28 50 -19 -100 -67 84 64 -55 -48 27 40 -26 -60 -83 
-45 -15 -81 0 -95 -78 -64 -86 88 81 -7 -87 88 83 -69 81 -17 -53 -74 98 26 67 -86 -81 85 50 93 -42 91 90 32 44 -71 -67 16 54 5 -36 36 -50 -59 82 34 65 54 -69 -47 25 76 18 -100 34 8 58 -47 63 98 5 -26 -84 100 -7 -6 -92 -23 -77 39 59 83 -59 -26 -39 71 100 15 74 23 -96 -55 -38 39 85 23 -35 -34 95 -93 -84 -93 25 -6 -6 74 95 -55 77 -75 62 86 -34 16 
-3 -24 22 20 97 17 23 -31 60 38 12 9 -60 26 -70 -11 -2 -6 -65 -52 -16 73 -99 -68 -85 -67 2 13 81 52 69 84 -31 -21 -86 -1 -97 83 -68 -43 10 46 -46 83 -32 -21 -21 -52 31 -24 -48 70 -85 -69 -82 58 -56 83 11 12 68 53 48 42 48 -86 14 -14 -94 -17 -46 43 -81 -26 49 70 -88 4 -12 -51 -95 26 55 -78 99 33 -74 -64 -29 -93 -24 70 80 -10 -92 -17 48 19 -52 -3 -16 
-10 28 32 -43 25 2 50 -57 56 52 9 -59 72 86 80 48 -29 -35 42 -87 42 27 95 33 -73 46 -45 100 -79 -6 -70 73 -94 9 30 37 5 -78 68 -54 55 -19 81 99 -37 -64 31 -20 52 -43 -88 92 -99 82 82 -1 -18 -38 -63 65 -15 95 -36 -28 99 -95 -71 -55 -24 -69 3 -4 -99 83 56 75 17 64 51 53 -77 58 84 69 -84 -92 -84 16 90 89 49 85 65 27 -19 -44 100 -66 31 -82 51 
15 -22 -1 -8 53 68 70 -71 -32 19 55 23 33 -27 99 98 28 93 53 -72 91 7 91 -37 -81 38 9 -53 -46 20 -98 -64 -65 -72 33 30 -28 33 -63 -42 -50 -99 100 -28 -11 -32 51 66 -89 88 -73 -18 95 -47 17 -67 -55 -40 13 -31 -38 -60 54 -30 95 24 52 -86 -63 -23 65 68 13 49 2 33 -13 9 -76 -27 -48 62 -83 -65 -45 -17 -57 68 -76 -68 -17 -39 -98 50 53 8 -69 -23 -28 14 66 
18 -31 98 -64 -4 18 83 -63 -30 -41 16 -92 14 4 -87 44 -91 89 46 -41 100 -1 93 42 68 -5 -92 -83 -75 -39 22 -28 81 27 -85 90 -49 -82 -12 94 -60 66 97 -93 85 42 -90 81 34 28 -31 -57 -55 75 93 96 0 -58 51 29 -37 61 59 25 -9 -21 -54 -15 52 41 -96 -56 3 37 23 74 -54 100 -48 71 -8 -75 5 -70 -78 30 -45 -39 -11 -8 39 -82 64 38 -57 64 -76 79 100 -69 11 
90 -52 91 33 40 -29 -83 59 17 4 100 -57 -50 48 -4 22 75 68 -51 20 -75 100 89 -6 -66 1 -80 36 66 -98 -89 32 10 88 22 84 -64 22 -75 -21 -36 5 22 37 69 -16 -37 30 80 31 -42 -32 66 -88 -64 -74 -17 19 -58 -57 82 15 -18 98 -3 -58 91 46 -53 18 -26 -4 46 0 15 69 89 -62 -63 -98 52 -49 -4 -5 -57 54 51 76 53 -7 -73 -75 -3 43 10 -93 24 72 25 -16 -68 
-97 83 34 49 -57 -78 6 -55 -50 -97 -62 69 -38 18 -14 -62 72 -86 84 -63 92 -90 93 -45 -12 11 23 13 45 66 94 -20 -86 -78 -16 43 62 49 50 -96 -27 9 -38 11 -74 55 -30 82 -58 100 77 59 -28 -54 1 -56 67 -99 -10 35 0 1 -61 -89 -15 -42 -7 6 -62 85 -10 -83 66 -25 10 45 51 -90 41 -30 -11 -52 -47 -33 82 -80 5 -87 -37 -66 -45 59 -11 -32 -58 -77 34 -53 82 40 -19 
22 -47 13 -65 -11 -5 -21 -53 42 60 72 80 -21 -95 12 -44 -26 -67 72 38 -78 70 -21 87 -95 25 91 -95 -38 97 6 -4 -34 83 -27 86 27 99 59 -98 -41 -5 -93 97 -75 89 64 88 -56 -83 74 -69 57 64 -82 -19 55 -55 69 -74 78 -60 -15 -64 -37 77 -37 -19 27 88 -23 -96 -98 -74 -68 80 89 24 -41 17 66 65 64 -32 -75 -48 26 41 53 52 80 28 21 81 -77 -34 34 26 -10 -42 61 
-15 -1 -80 -27 -43 93 72 -79 40 -24 -40 57 27 -49 92 13 63 12 -32 69 -87 22 -32 57 -10 -75 94 100 -34 81 45 3 40 88 26 -35 49 -51 -16 -14 -74 48 -84 -87 -85 -88 34 19 -56 48 43 4 -91 12 -60 -54 83 -29 -40 -88 -2 51 -97 -2 -61 93 72 62 22 8 3 10 28 -86 38 -69 -14 -79 -47 -75 82 67 -86 78 -4 -87 -56 11 85 -80 7 -67 -97 42 12 30 78 34 -32 52 90 
-21 -10 -97 -13 37 28 -43 23 62 100 -86 77 1 -24 -59 -81 -22 32 -4 83 -87 9 -87 -49 39 73 85 -4 -53 -89 72 13 -93 60 -84 15 -33 -31 45 -75 -48 -94 -9 70 12 -86 27 -11 63 37 36 -95 55 62 -20 -21 99 -24 -17 -24 12 47 -78 34 -90 14 98 -64 1 47 -76 99 92 57 0 -36 -74 -43 69 -13 83 91 52 -34 69 17 -13 -87 65 -1 -27 -72 -53 -46 84 -70 74 20 79 24 14 
-85 -74 -57 -38 24 -41 -47 65 -23 82 -62 98 -33 90 -30 13 41 -41 -91 50 33 55 80 17 44 -2 55 -24 38 81 42 95 79 72 -91 -53 51 1 -55 -51 -16 12 88 42 -49 78 -46 93 85 -87 45 -96 6 -90 -15 98 -94 83 3 -82 -74 81 -46 35 -25 90 -79 74 -24 -69 -20 41 40 25 -90 34 -47 71 43 19 -75 -72 14 -46 -5 -19 -17 17 -9 47 18 91 -68 -22 40 -69 -90 33 -29 -68 87 
97 95 -63 50 17 -49 6 -90 -38 -91 -71 7 -13 65 48 -80 -2 -52 -7 -28 59 56 -87 -10 64 -59 95 2 -74 55 -24 -7 11 -92 -61 -91 24 35 -68 -50 16 -3 -66 -88 -63 -36 33 24 30 19 32 63 22 38 68 20 -96 17 47 -75 64 13 65 24 33 -37 -71 68 -42 45 55 31 -19 -51 64 -98 -83 -95 -73 80 -5 0 -79 38 -68 -59 26 -57 -1 5 -38 3 -24 -54 -61 -82 68 -82 -52 11 35 
-76 83 -52 45 -23 -33 -34 -65 47 6 20 88 28 -78 -82 84 28 25 -59 -99 27 -50 22 -66 47 -29 -15 -13 89 -95 85 -40 -69 95 48 -34 45 -26 -71 74 96 -16 2 -89 -74 -97 -36 -64 94 22 -10 69 91 84 42 -22 6 57 -49 -43 -20 -52 -76 50 -46 5 -8 40 70 -95 82 57 59 -72 -20 -64 -26 -42 94 -27 -57 58 -93 92 -96 -3 7 -57 -100 -88 -72 -99 39 -99 20 -14 11 6 60 34 -86 
-46 18 32 45 -83 -9 29 30 91 -4 87 -9 0 29 -55 -8 -42 -14 72 100 -25 36 -91 -90 19 -17 -79 57 -43 -51 3 5 95 17 -8 21 3 99 54 5 -79 58 -37 47 21 -40 43 79 76 -89 -14 12 -85 40 66 -28 41 36 79 47 -98 24 -87 55 -4 -12 -75 52 -18 -96 -7 -92 1 31 -83 -29 -37 85 4 -18 -84 36 53 -53 -48 -53 69 37 -96 83 93 -59 -35 -100 -74 96 45 -63 24 -39 84 
-72 55 -38 -78 2 -67 7 29 8 -24 0 -73 -94 96 -6 19 -67 -51 43 47 -77 14 -7 50 27 43 26 91 70 17 95 -59 -7 23 87 89 87 -51 -98 -17 56 92 94 66 25 3 99 65 65 50 32 48 84 -47 -46 -63 -40 -24 42 -38 16 56 31 -65 63 69 -75 21 91 34 -14 -56 33 -93 -60 -66 11 -60 39 14 -61 -7 36 -24 -13 25 71 87 -52 79 -24 58 96 43 24 -8 -21 -62 -32 -57 -21 
53 -59 -96 78 44 -91 26 -77 -76 46 33 18 -88 73 89 -91 -20 54 70 -83 89 19 -6 -56 96 -60 -33 -53 -84 95 -88 11 71 68 10 21 -47 33 18 75 40 60 -2 54 73 36 -11 53 8 65 5 8 46 -72 49 -99 -40 54 -80 -4 -8 -65 76 -22 65 -22 64 70 -90 -97 79 16 -30 -27 90 -24 26 -45 -70 38 -64 67 86 -57 -23 -23 -14 72 -89 -97 -90 -45 21 -27 37 -67 83 53 -1 89 30 
-28 67 80 43 -26 47 98 48 -88 84 -67 -8 31 -15 75 73 -94 14 -62 -89 51 -80 -19 -31 -4 49 32 -3 -46 -9 47 -28 -91 -65 20 -96 -86 -59 84 -86 -31 -97 -17 85 94 15 99 61 65 -84 24 -52 72 -57 55 -57 8 11 -72 -78 -92 25 -99 -2 -67 52 3 96 20 -57 13 -16 -2 -2 50 6 5 -98 73 -3 1 35 -32 -43 91 -13 51 96 79 53 -53 -58 7 60 -88 -63 -11 67 26 85 86 
31 -35 -42 -89 -61 -71 -13 -77 -22 -33 -60 93 17 70 68 40 -21 28 89 -20 -96 94 78 -6 50 83 -98 -73 -35 48 83 -23 22 -4 -54 -42 -92 -86 -15 92 -64 -85 -17 -87 42 -23 30 -42 -67 24 -41 -19 15 20 -18 28 99 97 -76 -2 -1 -60 -26 99 19 -34 91 29 -60 10 -45 59 -23 -5 -87 42 15 91 25 -87 41 47 91 -18 -98 69 -93 44 -59 58 -72 82 -99 -9 -45 -77 93 32 80 69 26 
-22 69 -25 -77 4 18 89 6 -4 46 -71 -63 95 45 -4 -30 95 100 -99 -54 26 18 16 74 -34 80 95 -12 64 60 -2 -70 50 78 28 -27 -23 10 -9 -36 -62 -4 95 -74 18 74 21 -90 -18 -62 47 -14 1 58 -53 -90 -92 53 -11 61 47 53 -21 -18 -86 85 41 -10 -82 -100 -34 -96 38 6 26 -100 38 56 -34 52 21 -72 49 -85 21 61 77 -23 31 6 63 -10 34 -28 29 57 -50 2 62 -2 -21 
69 -82 -6 -75 100 36 -39 -82 92 99 -21 54 53 56 16 -45 50 96 55 -1 12 -74 -77 42 70 23 -33 -91 -8 -16 -54 22 100 58 17 74 65 -100 65 -31 -10 -53 20 -31 -80 16 22 -16 -64 -84 -3 99 -9 -20 89 -80 9 95 -49 1 -90 -100 -5 18 25 18 -36 -12 18 -81 -17 -78 67 -28 72 95 -91 88 16 -14 100 -86 -26 -35 -71 91 48 27 94 -80 -100 -40 10 -76 -23 71 -3 -35 -65 28 -4 
98 94 -28 -22 -51 62 71 14 100 47 49 -39 -22 90 66 79 -98 -40 -47 -64 -32 44 49 -94 25 26 17 99 -33 38 74 6 93 -13 -35 -42 -100 -54 -34 -2 41 -21 68 67 9 54 -82 -46 42 81 -87 51 57 61 -68 80 94 94 -99 -88 98 -91 61 -25 -10 -9 -38 51 61 -10 24 8 22 9 92 -73 -100 -32 56 68 -15 -11 -24 -26 -65 44 -4 -21 52 2 -13 -97 100 -46 -90 -57 -37 -20 -69 -65 -76 
13 41 40 -58 42 -44 55 95 -88 -28 -30 38 71 65 77 -5 -5 8 61 55 -4 -30 -95 -31 -8 85 93 45 -26 -14 -63 -78 58 24 -22 20 58 67 -89 -68 84 82 47 87 -99 88 34 81 -34 -73 -38 -53 1 -21 -57 54 -87 65 59 -91 -55 33 64 44 -34 -9 -11 8 4 -49 -83 75 -28 28 86 -31 36 97 52 -23 -90 -12 -2 62 -96 -18 -79 -28 4 -15 87 -31 -3 -60 -26 -26 27 -8 56 -58 -50 
73 -72 -12 50 12 99 -71 -18 -21 -67 17 55 66 -3 8 20 6 5 57 93 90 33 29 -48 -19 -61 12 62 39 32 40 -72 -50 -44 -1 79 -32 19 70 99 -94 -44 24 6 -11 66 94 -83 0 4 33 -14 -48 34 37 18 -19 -62 66 -14 41 21 -10 5 8 -22 57 97 14 -9 70 5 -45 -50 52 -32 64 -61 -23 -46 -44 16 -28 50 -63 45 -34 -2 28 -85 1 -10 0 -7 66 72 -34 28 65 53 -95 
1 31 -10 -65 -5 68 -16 59 -44 -17 -9 14 -63 -50 76 9 39 67 94 -94 29 -59 84 -63 -62 -47 48 79 33 -51 21 -8 65 -58 -51 -44 66 8 -12 -69 -25 17 -33 54 -47 -10 -1 -23 -59 -75 -30 92 62 25 -30 19 -43 -6 -76 -97 44 -79 88 42 68 13 53 24 -26 41 -77 89 -94 32 -42 -56 -46 8 9 -31 97 38 71 -31 79 -20 -57 -34 86 -10 55 -87 -12 84 -45 -29 -8 -31 -77 -58 -31 
68 98 100 16 69 -48 -82 -63 -20 -98 -14 -56 29 23 -6 -72 78 34 74 -6 -36 -26 -81 1 39 99 54 79 -68 35 -82 85 34 -79 71 84 -65 88 -56 -4 -19 -31 -16 -85 -78 82 10 60 3 14 -78 10 72 -63 59 85 -11 -39 -76 20 -88 10 -20 -54 61 -84 -52 49 -59 99 -90 -48 -11 -79 -25 82 -1 -17 42 86 -25 35 24 82 42 -37 -23 80 -36 -5 8 65 49 -35 -42 -84 -2 -27 50 -80 11 
-91 -95 -28 -20 -8 -64 41 -26 43 -78 -45 5 5 -32 -62 -16 38 96 -69 88 29 -28 -24 67 78 -45 -67 11 9 -68 32 -44 -92 -61 84 58 -8 -38 -95 72 -84 -100 2 99 -1 49 -70 -92 -81 24 88 20 67 -52 10 76 49 8 61 90 55 -70 10 53 -71 -12 53 -17 76 85 -90 -10 84 36 99 -88 -1 -15 -58 30 32 59 -56 -41 54 -26 -67 -44 -19 -28 54 -53 -55 52 22 7 -20 83 52 20 -19 
-45 -76 -67 82 91 24 82 -28 -51 -39 -6 -69 -49 -41 95 93 90 -5 -18 94 72 -15 -47 -8 5 0 -17 40 -41 1 90 5 66 92 -68 -84 36 68 72 0 47 -3 0 -32 -3 93 -20 -48 55 20 92 48 0 -42 75 -8 -57 63 8 42 82 81 -52 93 -58 67 -81 79 -99 91 87 -100 -42 -99 -15 13 -76 -58 -99 68 90 98 -60 -17 -32 50 92 -39 -59 -58 84 21 -60 91 -87 17 47 -10 -8 51 -45 
54 48 -33 -18 30 91 97 -46 -58 56 -10 -46 61 49 24 -39 50 6 -73 -7 56 16 23 99 -31 53 38 2 -55 62 -66 26 35 -24 83 32 -39 -53 90 -15 -38 39 -65 -86 22 -42 21 28 52 -35 71 1 38 -83 -23 59 25 1 29 95 -46 -84 -16 -96 -40 26 73 13 -83 -33 -79 -23 -98 -16 -54 -91 -43 10 17 -82 -41 17 24 -65 -67 63 -21 -16 -48 -44 12 -62 -51 -45 -30 90 89 -80 49 -38 -63 
-35 31 0 -65 -15 40 56 -69 77 -81 29 -85 95 -44 11 97 -94 63 9 36 90 -24 -52 54 -26 93 18 -62 14 23 70 38 48 26 -22 -12 94 79 -45 73 -25 -99 -41 -92 51 47 -5 -77 -15 82 88 72 -45 -86 -50 -42 32 -31 -35 -27 -14 54 -83 -58 -89 -65 -51 47 -56 -30 -92 57 63 -25 40 51 -70 36 -31 -48 -50 -58 39 64 37 56 52 17 6 98 -5 -83 -6 32 14 0 89 -47 50 28 -67 
51 -33 -17 -71 66 -60 60 -25 45 -59 -43 -64 98 61 53 -19 -39 54 57 51 -55 89 29 -7 97 11 48 -23 -86 -83 2 7 16 -99 -72 64 -98 -42 -15 -62 -15 -30 27 -98 -25 -31 -92 -82 39 13 -24 5 91 -43 -85 -11 28 -41 18 -77 15 67 -28 96 -48 96 20 -2 -61 76 96 -69 61 84 -66 -53 37 94 14 93 57 -85 55 -21 16 -51 51 -2 80 -91 -47 -26 4 -36 -24 -81 -98 38 -90 72 46 
93 -26 68 -93 -78 -88 -58 44 -42 -31 52 39 -72 38 -7 62 36 12 100 -40 57 -75 -38 38 61 43 6 -92 61 48 -84 93 -90 -49 36 75 10 -91 -8 -28 32 9 5 29 -22 -74 -94 -36 90 85 74 70 86 93 83 18 40 -90 -77 62 87 -37 87 85 32 -1 6 36 -88 -17 -90 -44 72 -70 63 44 19 1 -98 -95 9 -98 56 -81 45 -4 20 53 -8 62 37 -6 -98 31 84 -90 -6 41 -34 -90 53 
15 30 49 -20 5 -70 -23 -64 21 12 18 5 28 -32 35 -22 93 -52 26 63 -58 -20 -38 5 28 81 -40 67 100 22 -75 -21 14 -39 96 -81 -83 72 -40 54 69 -16 -80 -31 -37 45 37 13 -84 -65 -17 -77 -86 73 -16 -79 57 -17 -46 16 -14 11 -84 60 -63 22 -52 -33 6 13 1 29 89 9 -5 -24 -48 -69 49 22 24 -11 -24 -86 22 10 93 83 -1 -96 -24 -98 -31 -84 -8 2 -68 38 71 -7 90 
-31 -20 -5 -98 53 4 53 38 -74 43 91 7 12 13 12 34 10 -73 -74 43 -85 0 -100 83 -87 31 -34 -39 57 23 62 32 -98 -5 -9 55 58 33 56 -80 -20 -46 -36 -37 38 -84 76 -22 -44 22 -6 -97 -45 -60 -73 62 23 64 -67 76 76 -20 -35 9 16 -73 -45 27 73 -13 -96 -46 -94 -39 4 3 53 54 -86 -14 -41 -18 72 -33 64 10 -59 1 -73 -66 -9 -19 25 -58 50 -43 40 6 31 10 -67 
8 62 -90 -89 58 36 11 -33 -11 99 34 36 -77 -68 61 92 69 -44 67 -82 -83 49 80 55 -28 -18 -65 -34 42 -38 -44 78 -29 96 56 -33 -92 43 -47 34 -42 -52 78 -37 -30 48 -75 20 94 4 74 87 -83 69 74 -86 72 81 -4 -41 23 62 71 18 -16 27 23 -100 48 24 -36 -27 43 -42 -80 52 -52 57 -11 -9 77 97 58 -16 -42 65 -37 -20 -72 -10 -3 29 -73 -70 71 70 -67 -76 66 29 -6 
-87 -89 59 97 -33 -53 -53 96 -59 20 -96 22 -16 -34 -38 34 91 -35 -63 -70 28 34 -52 72 -8 -36 -65 -30 40 40 -53 -59 41 64 24 7 10 -71 -34 9 58 -16 -13 55 -80 80 -99 -64 -93 39 59 -27 78 31 18 67 57 71 77 52 -97 -40 -87 20 64 -9 -30 -44 39 -62 47 27 -17 0 -57 90 29 84 -68 -70 99 -5 58 51 -27 -16 22 -24 -69 -33 -16 -89 -98 -31 -80 84 39 -32 -74 -45 -25 
32 89 -67 75 55 -38 -77 -3 -99 -1 -21 68 85 92 -40 -62 18 1 86 61 10 99 -27 55 -41 -86 60 -83 89 -81 -58 73 -29 12 -98 -29 -79 38 -65 -49 78 37 9 -77 -53 0 58 20 -90 -90 -46 73 -79 16 -8 -30 -60 38 82 -95 -77 54 66 26 -84 -60 87 -13 -81 -84 91 3 -95 -9 40 -88 -72 85 2 76 -97 -26 47 -84 -94 -10 -43 -77 -55 -40 78 -93 -69 69 21 -85 43 -49 -51 -34 -49 
81 -48 -28 52 88 18 -80 -62 -87 -72 38 23 -58 -51 -72 54 -93 -33 98 50 -31 -63 -75 12 -3 -65 -36 27 -6 -87 20 -98 -53 -10 74 -53 -50 -23 52 -65 71 41 -63 -75 -98 -48 37 -63 -51 99 51 7 98 -23 -3 20 17 -91 -76 -87 59 -71 79 5 -64 64 7 18 -75 46 50 44 80 20 -79 -18 54 -16 30 82 -16 0 -11 -8 16 29 -65 -61 -56 -81 77 25 -13 51 2 66 97 -40 41 75 -100 
61 8 -50 -36 -83 84 -97 -6 4 94 -46 75 -75 37 -34 -77 -86 -72 -96 28 -84 -20 65 44 1 -26 -46 -81 67 67 33 68 45 -44 -32 -55 -85 29 -60 -22 -5 8 -24 -4 17 -57 -21 -50 23 23 -99 55 -24 -60 59 78 -22 96 67 36 -98 -89 -92 17 -13 -86 2 -89 66 63 22 42 43 1 -100 -75 -75 -96 18 76 26 11 11 18 -31 -58 2 -100 -13 -72 -62 -43 75 14 -11 30 43 73 35 -59 -41 
27 -38 -27 60 69 -28 0 4 -84 40 -3 -34 25 -89 -61 -11 -87 26 44 -6 31 -25 100 -86 1 46 -58 26 -45 62 -93 43 59 99 -100 90 -74 49 -66 -44 48 11 76 88 -93 83 67 -34 75 -9 -4 -92 37 79 -19 74 -9 -99 87 -2 72 -92 -100 44 22 -72 -27 47 46 -32 46 57 73 22 74 78 -7 -21 9 -3 -54 -60 -28 -25 6 -98 -72 40 79 -75 28 -53 -53 36 -70 -75 62 8 -62 32 47 
37 -99 -13 -2 -61 14 -57 -68 21 92 68 -20 51 84 -46 -57 -20 -54 75 90 -57 -5 28 -8 -63 -66 75 89 -14 91 7 -99 72 -29 -83 -34 -74 62 -20 -62 10 78 60 -67 -26 37 77 -90 -59 82 32 38 -48 -66 80 70 21 90 -99 -51 -11 -20 18 83 88 56 50 33 -87 36 49 -13 85 22 -20 -42 -32 -56 10 -18 65 -53 -81 97 28 -34 60 90 87 51 6 99 -55 8 -80 -2 9 85 -25 19 21 
-66 -82 5 -71 48 63 45 60 81 -77 93 -42 35 34 -86 -9 36 4 -30 77 -34 -11 -52 58 -55 67 -64 -70 -23 71 49 47 -91 -46 -12 63 22 31 -63 79 74 -57 81 -84 11 -18 -30 4 42 80 -21 -43 -79 -37 -84 -14 42 -60 -72 41 82 -48 14 38 -30 -4 -75 21 49 -73 -1 25 -26 76 2 46 -62 18 -23 35 -18 45 -45 3 -42 14 -2 69 23 75 80 -33 15 74 84 57 -8 -23 -58 18 13 
72 -46 50 94 -45 -31 -47 -83 -68 -9 19 89 -38 59 -49 5 31 91 -73 -70 95 -70 85 -90 39 -23 -27 -82 94 2 49 42 100 6 35 -10 83 67 62 68 42 36 -60 78 91 8 -61 84 17 99 80 -98 66 72 7 86 -30 56 37 23 73 73 -93 2 75 77 21 95 -71 -71 76 41 -49 70 -71 58 1 -48 52 -100 28 45 8 87 24 -40 -50 -95 -74 66 -32 44 28 -46 -62 -59 78 1 -52 91 -6 
38 -31 -32 -78 12 62 30 -17 50 27 -69 -62 -96 98 3 -80 -83 62 -13 71 -22 -40 -27 -6 94 -85 39 65 54 -92 73 -84 -87 -72 -32 47 -87 21 79 26 -13 -94 33 48 -24 -82 26 73 -86 45 16 -45 -73 -29 -95 -30 -83 -56 69 -55 33 -60 -15 -88 65 27 86 83 35 3 -93 -96 14 -17 3 91 -90 -85 -44 -59 -12 -52 33 82 78 -74 -50 98 -16 -27 -57 -39 -33 -60 -6 12 6 -88 84 43 -75 
18 -62 27 8 38 1 -32 -10 86 -72 29 18 -3 -23 -61 72 9 81 45 6 -1 -24 85 62 96 -41 -85 -22 16 12 18 -31 6 98 -27 49 -46 43 -95 -56 -67 80 -28 79 -50 91 50 -81 -42 -56 -41 -33 93 -30 96 -46 59 37 -14 -92 53 44 76 27 -87 -12 56 58 83 -97 -57 -50 -2 1 100 54 15 -95 62 -14 -31 79 35 -59 100 100 41 -35 56 46 -22 4 -15 -86 -91 98 -67 -17 -94 78 53 
-81 22 98 41 1 -58 60 -25 93 -85 70 -3 24 51 8 35 78 -20 69 -10 -22 -82 -61 -41 -48 -35 -45 -74 22 -49 15 -63 -39 87 -83 -39 -36 -57 -51 -92 25 -6 -17 -60 -54 -61 -45 65 11 -34 -15 -64 -96 12 41 23 -19 29 78 53 15 -54 -32 -81 76 -92 -48 25 50 -68 -80 -33 9 24 10 76 -65 -17 -45 -27 -9 -86 -92 27 -32 -19 14 -6 33 -31 -5 -17 98 46 71 63 15 -45 22 56 82 
79 58 -33 73 -41 90 16 47 -18 -73 73 80 -57 -29 -53 -37 85 47 94 -65 -47 11 78 -2 16 11 -44 -19 74 24 -65 94 -26 20 -42 14 -91 -53 -40 81 -91 96 6 81 -82 -30 -79 81 -20 -34 -64 90 89 -41 -41 -21 -58 6 -7 56 -84 -80 -62 -66 63 -91 84 -35 67 -19 -8 22 83 53 -49 73 0 6 77 14 -56 -5 56 20 -53 -69 25 22 -91 53 26 -66 91 88 54 -84 88 -49 57 -95 -45 
-47 63 -49 61 -4 -18 -88 81 13 -33 -96 -51 49 -16 24 45 -91 46 9 75 -29 79 -50 60 -17 79 -59 -46 -48 -17 79 -14 44 -73 -18 51 -52 32 55 80 9 59 92 -28 -41 48 39 29 69 84 -13 79 -74 65 -83 -28 -94 20 -99 -27 83 12 -24 -48 81 70 6 6 14 58 -63 -97 -44 -98 -50 50 36 79 -44 92 -68 -79 -59 -52 -2 -8 43 -20 -67 79 47 -65 -98 17 -57 30 35 -79 28 51 -17 
-66 -17 -23 4 29 87 -55 90 28 -17 41 -29 -92 -98 -45 83 -64 66 -25 46 -15 35 -60 -69 -82 91 -9 57 -55 11 72 -24 40 53 88 -2 -23 -3 -38 97 18 45 39 -7 -84 -79 29 75 87 99 -99 50 9 29 -52 -50 84 -52 -53 -11 50 9 30 -44 85 76 -74 11 75 -40 56 -28 -49 30 -54 -74 69 51 -86 -40 92 61 0 67 22 -4 4 46 -48 -35 87 32 -53 59 72 80 73 80 94 -81 45 
-39 -74 -59 -93 -14 6 -82 -56 60 -9 19 -33 -12 -22 -27 -11 -39 -3 -69 -27 -93 -67 -60 43 -1 -7 -28 35 -54 73 6 -32 -14 -84 84 -36 83 59 -76 17 63 -73 -87 99 -96 -41 -42 -40 30 94 -14 97 -87 22 -7 -22 -19 48 17 77 -89 59 -45 53 -16 -33 81 -95 80 -32 3 -42 75 -10 -77 -6 -75 75 -30 -75 7 -42 90 -95 5 27 -15 24 29 -11 72 23 -60 -96 61 -35 16 15 -83 84 -94 
1 31 68 16 81 90 14 34 -55 -38 55 -91 -25 69 -58 79 -17 57 -19 56 54 47 -38 64 -78 -68 -19 -90 61 22 -90 -8 37 84 6 -38 -51 49 -92 -34 -93 50 -2 3 -97 -17 42 22 34 -41 53 -3 -15 73 87 3 78 -3 48 -13 -35 -48 96 51 -12 22 20 12 -49 -28 -53 67 45 -36 -56 -94 -11 5 76 3 9 -80 33 -56 -24 19 89 -17 71 -17 -2 -77 37 54 22 -86 -44 99 68 -21 -13 
-71 32 -29 -74 -47 -19 10 -26 30 37 -45 70 20 43 -5 -81 33 77 50 34 33 -9 20 54 -5 -44 49 -65 -61 -24 28 92 -55 62 -49 -80 -49 -63 -24 68 -50 84 74 54 68 46 -97 70 -42 -28 26 -78 53 -65 77 13 -57 -64 95 -69 64 71 97 -95 66 95 50 95 -56 -42 36 42 28 33 -78 53 52 -93 -37 -13 100 -66 -89 58 30 23 -88 -60 25 -67 -62 -92 26 84 -87 -46 -86 68 -79 0 -71 
-56 70 -98 -50 -39 4 41 0 -69 16 69 48 -72 31 -55 62 23 96 70 -35 59 42 -35 79 -15 37 51 -51 -35 36 -60 -33 -17 99 73 100 20 -72 21 84 47 19 -31 47 -95 -91 -97 21 -23 15 -78 54 58 -85 -7 68 4 -30 29 62 -25 70 95 94 -18 8 -95 -96 15 -59 -69 -33 44 -41 76 9 42 -72 100 41 -38 -84 88 -59 75 -17 63 -62 -49 -52 -61 96 -65 34 95 -6 67 84 70 2 -77 
17 -86 6 45 37 -12 -77 3 22 25 -40 -40 91 -71 14 -30 21 -52 -17 40 11 49 -66 87 -30 -39 6 -97 -87 4 48 -59 42 48 84 89 -1 -97 -74 -99 36 89 -15 -47 65 -74 -62 -96 67 56 24 50 10 0 -17 -10 80 -99 -91 93 19 29 56 -61 -31 61 90 -19 -54 88 -70 29 -58 -66 -19 15 39 -10 10 -93 -56 -51 49 53 17 -71 3 77 -47 92 78 7 39 29 -79 59 -63 49 47 92 45 
-34 -47 -57 -49 -98 84 -99 18 30 -64 53 -49 -96 3 -37 22 -66 -40 3 19 -91 -93 -31 -27 -59 -79 -9 75 -17 -18 41 -45 67 45 2 38 61 -88 17 -12 8 -33 33 -1 -72 59 2 -81 92 -89 -16 -89 -32 51 -61 35 -22 44 -67 21 54 -68 91 -38 -21 -67 -92 84 -58 -78 -99 33 -14 -5 77 -6 6 -86 -5 69 -48 -46 -58 31 47 -12 51 12 26 5 93 41 -6 65 41 -7 34 74 33 64 -12 
-31 -66 26 80 -7 -20 49 -1 -6 13 72 -27 -71 -87 -15 -63 58 -20 10 75 -73 -5 79 97 82 86 -48 82 83 -82 56 91 -30 23 25 -21 37 -29 18 -77 64 -20 86 -34 72 60 23 -93 -74 85 47 -26 -24 80 58 14 9 86 -83 77 39 -3 13 72 100 -47 -49 33 88 -93 22 69 59 -54 66 -57 -52 -2 13 -92 -100 -75 84 -5 -40 -58 -32 -17 -7 46 -2 65 71 -6 13 -16 33 -55 -8 -56 6 
-56 96 -26 14 14 21 74 -78 -91 -50 -39 23 98 60 -64 27 -69 28 82 -42 71 -48 33 59 -63 99 60 27 2 23 -13 63 -23 -26 -86 42 66 30 36 95 -14 -13 74 37 83 56 58 47 -46 73 13 -11 56 98 73 -14 37 -45 -79 -27 -65 87 21 55 20 -18 24 6 -39 18 95 100 69 -66 94 31 -85 -34 -86 21 -93 81 31 37 -64 -29 -86 -62 -94 10 97 -53 23 9 -54 -55 -73 16 55 -85 -12 
59 72 23 6 10 -71 30 46 -6 33 -98 -31 10 -12 76 -2 67 -4 -77 -27 -66 -35 21 -25 -25 50 1 -35 -11 -14 40 60 -66 -46 -37 57 80 -74 -29 -3 -97 -16 7 -70 -99 -16 -27 -57 -80 -76 25 24 26 32 -13 -77 -2 31 -39 89 -15 -72 1 -59 94 27 5 15 -100 -49 -69 6 76 -3 23 21 -85 -79 -82 -24 -64 29 44 -29 87 -54 -89 -45 34 54 97 -76 92 -2 6 -30 -1 52 -84 -40 -81 
33 98 41 64 -96 -91 -70 30 6 72 59 -100 -23 -30 -4 98 -40 54 -64 -30 -87 11 25 -7 -99 -69 -95 -24 89 44 58 -69 -31 -65 39 97 73 -97 -26 -99 -32 31 -10 -60 -29 -31 88 -73 100 -93 14 35 -4 44 -100 15 3 -53 34 86 0 98 67 71 -17 -95 -16 -11 -19 34 43 42 65 69 -79 9 -64 -76 3 67 66 59 34 -52 23 -55 59 46 24 40 49 -92 -59 -20 -52 -38 -32 80 52 -68 13 
33 61 -45 100 -69 50 -90 -21 -50 -91 82 57 68 -54 -55 -50 -41 74 -52 72 98 63 44 -89 76 46 -36 86 -92 18 92 -97 67 -22 87 85 12 -10 -8 75 -28 11 -68 -91 63 -23 -51 37 -85 -67 -91 -16 -57 58 74 27 -16 23 65 -43 -61 69 90 50 -42 2 -68 48 -18 19 -62 82 91 -6 -89 25 40 84 -31 -47 61 -10 -19 16 48 -30 94 35 -25 -55 11 87 -73 -62 -14 -99 44 -58 79 -19 59 
-1 -4 -90 -87 5 28 34 40 47 -60 71 70 10 87 34 6 94 -68 -37 -82 -62 61 49 -75 17 -20 55 47 79 -25 59 -88 17 87 76 -11 -49 66 -60 64 -52 -14 -19 -52 32 3 -90 -85 12 -57 -1 86 -24 -42 -10 86 -23 4 -21 24 -37 58 -16 13 -19 -100 46 -20 18 -19 55 75 -13 -67 9 37 84 -17 -23 -83 64 48 81 -36 -91 79 -31 64 6 97 -76 -9 37 -87 74 -99 -68 84 46 13 38 
90 9 60 -12 97 74 8 -53 8 -51 66 11 -44 -82 -33 71 -23 9 -95 3 15 -65 -76 13 98 17 -98 47 -86 70 70 -2 0 -21 -90 -18 -16 53 -49 26 -51 -98 -50 94 -63 78 -21 -66 -12 -33 37 -96 47 92 75 -91 55 96 -26 69 31 56 19 28 -92 -2 -52 -70 -57 -83 -89 53 -2 -85 -56 -56 92 5 75 4 27 10 82 -48 -42 -94 87 21 52 -2 -2 48 -58 37 73 80 53 8 25 60 -72 
31 -24 -61 -98 61 27 -1 -18 66 -63 -9 -54 74 -75 -21 -84 -32 -35 -68 23 -81 85 -27 66 12 23 -89 4 63 -63 87 -25 88 -8 -3 -61 72 35 74 33 -43 -70 34 -21 46 48 -48 35 57 -62 37 -90 -51 -24 28 21 -2 -29 62 6 52 71 50 -79 -76 -98 4 24 19 -76 -78 4 -11 45 -73 -34 -16 54 -36 30 57 -82 43 36 -39 -26 -2 -83 -39 -87 59 98 -95 27 11 32 16 86 92 -100 38 
-77 29 -74 11 50 -78 59 40 51 -4 -81 -32 -30 -29 46 63 51 -53 19 18 39 -15 -84 -18 -86 -53 -46 -88 -65 30 17 -3 92 60 -1 -90 35 50 21 88 -11 -96 -67 23 -8 32 -10 -90 20 85 55 -46 49 22 46 -41 -68 -82 -58 -41 3 -77 -92 -89 84 17 99 -90 59 10 -100 -37 75 46 65 100 -82 -76 73 -70 66 -38 -26 -13 -79 26 -88 -88 3 -33 73 -90 3 3 34 -43 -25 3 -9 15 78 
69 100 63 -44 59 -97 -41 33 93 -23 -55 -77 21 88 -15 35 -27 -13 -44 87 20 -31 94 69 -4 -36 -34 40 -6 42 42 36 -64 -56 81 -33 25 -26 -66 -19 -79 -95 -80 29 -26 80 37 53 79 29 -96 48 -4 -9 -43 -89 -96 -43 14 71 -81 4 10 -43 13 16 56 -14 16 13 -91 5 -68 -69 23 95 -85 25 -13 -64 -66 -56 76 28 -59 -20 -7 82 58 65 -51 13 -80 -85 -11 -48 20 -31 -63 -98 82 
21 -47 26 54 -54 98 28 -56 31 42 55 -79 -38 98 54 -74 -65 -5 59 -31 87 69 71 -49 -8 -57 -21 66 96 11 18 42 -92 -3 -88 45 -35 -53 77 -95 81 84 54 0 -32 -100 33 35 -93 77 -27 23 59 52 34 18 -75 53 -74 72 14 -60 39 95 -90 13 -36 -54 97 74 19 42 45 -60 47 67 65 -66 10 -5 -47 -91 -50 33 -36 20 -1 -49 -21 53 -29 55 -39 83 -30 66 -57 -92 -70 -25 3 
58 27 87 -46 -33 89 -99 -12 -97 7 -84 -93 -96 -20 0 90 100 -70 -9 -86 74 -8 -57 -42 46 89 86 -5 -81 -53 -64 -57 -23 68 92 96 -98 -44 -3 -11 16 40 -80 100 78 20 -44 -74 -60 37 31 51 -81 41 -57 -28 -27 54 56 -42 79 -7 -35 80 92 18 -88 78 -30 21 -9 14 -47 99 -80 -33 0 73 28 -18 69 -38 6 -72 75 93 41 -99 98 -26 -55 65 87 -14 92 75 64 -49 5 -14 76 
80 40 -86 62 14 80 -99 7 -96 -22 -48 -76 -77 91 18 -70 51 84 91 88 -4 53 18 78 -96 -19 80 -47 77 49 -74 45 -51 99 -15 -3 25 66 -99 2 76 -11 -81 -2 19 -5 -68 -82 -66 67 32 66 -18 -88 -35 66 35 15 86 -6 -24 88 -61 88 68 -27 -3 -12 -33 -50 56 -95 32 79 35 -6 72 2 3 -28 71 -2 42 42 -13 64 71 -92 -67 53 41 -82 34 -36 -72 -14 89 76 28 -65 89 
-1 16 -36 -3 -73 97 30 -86 91 8 60 53 62 1 85 -17 -20 71 -52 -67 85 -35 56 -11 54 90 55 19 -68 -8 35 -58 2 -58 -53 63 87 75 -89 50 -62 -33 -83 -42 68 -70 1 92 -4 45 58 -95 -37 14 68 96 -54 20 90 45 94 -9 88 -3 84 -61 -77 -87 -48 69 -20 -91 25 66 -89 69 0 48 46 -69 84 98 -63 -33 15 83 64 -68 56 -44 -20 4 47 -67 2 1 13 30 -28 -64 -4 
0 20 57 30 44 23 25 -18 -64 -2 -43 28 23 -28 -47 65 -65 -33 49 -11 -18 -13 10 31 -95 -58 13 31 -11 -18 -74 -47 -33 49 94 -87 -49 40 -75 -45 7 93 -15 67 67 -37 13 84 31 96 -5 93 1 -94 91 -30 34 -27 -26 -38 64 -81 -68 -53 -30 71 -35 -10 -44 -51 63 -40 -25 -35 23 70 14 46 64 84 -90 67 -18 -23 -97 50 32 15 17 59 -83 25 -26 75 -87 -81 -60 70 50 60 -43 
-76 40 -75 -29 -59 84 9 -97 51 -7 15 -76 19 -6 68 -100 34 65 -86 9 -55 -39 69 -1 10 33 -23 -90 -97 -5 -11 29 -74 -8 99 -84 -56 12 -53 94 -38 66 50 -46 18 -35 19 -52 21 -50 -20 33 65 77 37 25 -27 53 57 -39 28 -84 -79 -98 26 86 -60 25 -85 -100 44 -40 88 -95 -73 -94 68 -98 -13 4 95 -34 73 -53 -81 -31 6 -9 -90 38 50 -25 42 66 -98 2 44 -46 84 -93 -30 
77 73 -69 -38 -16 -37 -88 -24 -81 -12 -77 -87 -2 -65 -51 -55 64 36 -54 -19 52 91 -89 -98 1 -17 -46 -94 75 62 -58 -19 91 80 -32 63 33 -8 66 -39 -30 -57 64 23 -97 -56 70 -72 -8 76 47 51 72 -37 -88 89 99 -28 59 12 6 30 -63 -65 -66 -44 -97 -3 -80 30 -58 -88 27 46 58 28 59 84 74 -92 58 40 -99 62 57 -49 -57 -33 -50 -82 25 -10 24 20 87 -38 7 59 18 -66 -85 
-97 -25 -74 27 8 -21 54 84 7 8 -9 -21 -22 53 73 87 -20 -74 48 83 -79 -44 69 93 -82 -36 -54 -55 51 -18 4 -12 67 49 8 68 -37 -24 -38 -38 -43 -65 44 -92 -12 17 -76 -92 -88 58 11 5 -37 -83 56 11 71 42 -7 -4 37 -27 -78 38 -12 -47 -5 -85 39 27 -87 91 9 -24 22 -91 -32 75 88 67 25 -37 -16 96 -93 27 -62 60 -1 -96 76 49 -48 53 16 -89 71 -30 98 -41 -78 
72 -44 -43 -39 -52 -58 89 55 69 41 57 -16 -37 86 -85 56 72 -67 49 -48 82 30 -40 94 -38 54 -16 -79 35 42 95 -23 -77 82 -36 38 90 34 -63 60 -15 -49 98 -30 -14 67 40 -65 -66 51 34 56 -68 37 77 86 98 -6 -98 -12 72 39 -3 92 36 38 -30 65 89 -48 39 -40 -52 53 -97 75 -27 -72 -76 42 7 -31 -71 89 -12 -41 65 -36 -63 -27 7 -76 45 -31 55 -9 20 -41 42 42 27 
-44 -37 -23 78 -84 -19 97 12 -57 -8 -96 -8 28 -99 -32 1 99 52 30 -39 -31 -24 -95 44 85 -88 60 0 -35 -66 84 76 8 89 -66 90 4 -5 74 -10 -57 3 69 -13 18 -64 1 18 2 -19 79 14 88 49 94 -45 -68 -85 28 0 61 80 -25 69 13 70 47 74 -9 40 11 -17 66 64 32 -41 -24 -36 -98 -16 -44 89 21 44 53 -75 40 -20 -65 46 -29 -41 -15 40 -18 -57 -87 -18 -33 -45 -13 
-46 -15 22 53 -78 63 -80 -21 -67 -75 24 -57 23 -11 -22 28 87 -98 -11 76 -40 49 -45 91 39 -57 -47 -62 -67 -72 -91 -82 64 87 51 -78 35 -53 0 86 38 -27 68 54 29 62 -55 -41 -1 28 57 0 -10 -54 52 79 -86 -78 -83 8 52 95 -66 -37 -35 74 52 1 -64 -51 64 84 -40 -59 97 -39 81 50 61 36 -23 -44 -68 -87 34 5 13 -67 4 81 32 85 -53 90 25 10 49 79 67 -91 -66 
53 56 -3 78 36 8 86 -99 -37 -51 -51 89 33 -63 19 -77 -25 16 -51 -47 -79 48 8 64 -99 -19 48 -64 -80 66 -77 96 -17 -32 75 -24 97 -3 93 42 -87 -98 54 89 40 6 62 41 94 -68 -2 -47 35 -80 -10 22 34 -91 -93 37 -87 72 11 -92 -49 38 -39 49 48 -51 16 -38 -66 33 -47 -8 -49 -81 -51 -32 -34 -65 -13 -74 88 -95 6 77 -32 -96 29 79 83 -68 -33 12 39 -59 29 30 -30 
-57 7 91 -63 0 64 -78 -11 18 -75 -30 73 6 -23 -68 -27 57 -30 73 -15 94 -99 -44 18 63 46 96 -20 -2 -72 83 -31 40 -39 -9 0 26 -38 26 56 11 33 59 71 1 -19 -5 26 -1 -17 93 66 62 25 41 100 -44 67 94 88 -65 -73 -45 97 76 46 -92 79 -44 68 85 -60 -45 76 -26 88 -73 1 93 -45 -57 93 -22 -24 -43 -42 52 88 -40 98 -41 -74 -68 -29 -68 25 -77 -52 19 -24 28 
34 89 -87 1 -47 36 36 -35 -67 -82 -23 -64 25 -30 41 5 62 -8 72 -23 -72 -81 2 8 -59 87 53 -19 44 87 38 -70 1 31 47 -6 69 100 -75 17 22 -29 -35 87 -68 -19 -100 61 -47 -33 -29 81 91 90 24 14 -23 37 30 -95 -36 54 38 -2 -26 81 58 -41 -3 59 -52 -4 72 51 79 -56 -16 64 2 20 50 1 -18 -99 -53 42 -30 -32 3 -47 -6 93 -55 83 37 92 27 -52 -82 69 70 
52 18 -91 -77 -6 86 15 -6 -7 32 -20 66 -65 -42 20 -77 -40 90 -41 96 -40 19 -71 41 -33 -15 -52 0 -56 -27 56 -97 -30 -77 -93 79 -87 94 -63 40 66 58 95 -72 9 81 -33 42 12 87 -85 -57 61 30 91 -72 42 42 -50 75 -56 -9 -77 -49 9 -53 96 -83 -46 100 -5 95 -27 -5 20 17 83 24 31 -71 -85 -54 -31 29 49 -81 17 -18 -4 77 -41 -50 91 -38 -87 15 -93 40 73 99 26 
-89 95 -73 -9 80 -23 80 21 65 75 35 -54 2 -48 37 -32 64 14 64 -41 62 87 37 -81 -44 35 54 -29 18 21 6 -23 -31 94 35 56 -100 18 26 -93 62 29 56 -36 18 97 -52 -84 -75 -74 22 47 76 -43 -23 -77 54 94 82 74 8 88 57 53 26 7 -67 -42 -61 33 47 49 -17 -7 37 -5 -60 23 61 100 3 -73 51 -76 86 -8 95 98 14 -94 53 -4 -49 -44 64 -85 94 -81 58 -29 85 
75 93 64 -18 -87 -24 -31 -56 -51 -88 -20 -34 -10 24 -99 22 -10 -72 -72 18 -100 -93 46 -33 -55 63 12 -15 15 -67 47 -48 -46 51 24 92 1 -38 -27 -13 78 -1 56 -21 34 -6 86 96 90 67 50 86 -91 -91 -73 19 52 52 84 -41 93 -22 -17 -47 12 18 -77 -66 66 12 -1 67 60 -96 -22 8 0 74 65 -97 -39 -69 -76 -92 15 -65 -24 -46 70 -56 -2 -86 -79 97 -100 64 -42 80 17 -32 86 
-99 41 -64 -50 -46 -22 -8 58 -34 75 80 57 -49 -69 35 -63 -48 -26 72 -6 -91 -59 -64 72 -55 41 -96 -32 88 75 -58 -33 -29 3 55 98 2 -74 -36 1 -60 -54 94 -16 -79 -50 82 55 -1 93 -53 -60 -51 19 -100 30 23 -43 -76 -91 68 22 -73 -66 52 -69 -11 6 32 -23 3 -91 -21 66 -67 6 75 -45 16 -58 -28 -68 -7 -76 -16 0 35 -56 77 83 -68 8 46 51 46 4 6 48 -5 94 23 
-33 48 -88 -18 -24 -1 14 78 -15 -19 -87 -34 37 -54 88 -71 -90 81 -10 -66 -4 -84 -25 40 76 -11 3 -17 -40 47 87 26 -46 -45 69 -52 -88 -35 -54 69 -24 13 -39 91 -58 7 -87 -16 -16 33 -54 38 -66 80 70 -23 -11 -19 -77 92 -9 47 90 95 21 57 1 -86 -94 16 -78 47 -61 -62 -87 -28 -40 -27 -2 34 17 26 34 -7 9 17 -25 -20 90 -59 -89 82 -37 88 -26 76 53 89 100 -48 65 
-94 57 42 -70 -89 -54 -59 -70 -62 38 76 -78 -58 46 -45 -92 7 -69 -64 -51 94 -71 -14 65 26 -84 70 -91 65 83 -32 -7 -72 77 -77 -15 -62 -12 75 36 -19 63 3 79 -54 58 25 -80 58 -90 -53 22 17 -34 26 75 -72 -83 95 40 67 33 49 -71 -54 98 -25 -1 79 -48 -57 3 -93 93 -61 -94 25 -65 68 22 4 29 -55 15 -64 61 14 97 93 -84 -34 66 -3 3 -81 -47 -92 9 -24 -32 4 
-13 38 -3 73 50 -33 1 -52 31 -92 59 -71 61 95 39 -87 62 96 -22 97 17 51 67 34 -92 -65 -72 -85 66 92 -43 -32 71 -34 -61 25 -35 2 -8 80 93 -80 53 -86 -18 -86 16 -49 -37 42 35 -29 -11 -48 -3 60 19 42 -76 -42 89 1 -88 88 69 -80 -49 89 46 -60 -52 26 37 -69 -24 -35 -19 8 -19 83 -94 -3 -55 6 95 96 -42 82 85 -82 -49 41 46 -87 -62 65 -21 98 -35 -5 -35 
-5 92 55 -81 -18 42 60 96 23 40 -17 47 -75 64 16 86 -36 74 76 -60 -56 -62 -88 42 39 -95 -45 -45 -13 -86 -31 -53 -64 39 35 -32 -7 78 -62 88 19 97 2 -49 -88 -79 72 10 45 30 -94 35 68 -36 -6 -47 97 -77 71 -66 -80 41 78 40 -89 -17 96 -55 -91 -25 -46 54 7 -42 -91 -82 20 20 -74 51 100 31 42 80 40 26 -8 -44 84 58 87 98 22 8 78 43 2 73 -28 -63 -28 
-1 80 -22 85 96 52 -35 -63 86 -86 68 18 -68 70 -95 -70 54 -40 -70 -72 25 29 40 -64 77 84 -95 26 -74 -26 64 90 67 4 52 44 100 -73 100 15 39 53 -85 -36 97 -94 -25 -10 30 -79 -16 88 88 -84 17 -20 -60 73 -75 -54 -8 -90 -38 98 8 61 28 84 62 53 26 -87 -37 86 -9 5 -100 -100 -36 30 54 -88 63 97 -87 57 -91 6 34 90 13 30 -65 96 66 -20 13 -43 -3 -35 35 
81 52 -1 -81 -58 92 -24 -29 -47 51 45 -78 -41 61 -73 66 44 -36 -88 -58 7 -81 -22 -88 -36 92 -99 -22 -41 86 -20 -6 -74 46 45 18 24 -47 99 -43 -65 -84 2 23 96 -31 -49 -32 -61 38 27 -94 99 -15 53 -87 34 87 -48 33 -20 -4 -9 -43 -68 10 -71 -45 82 14 79 -10 -54 76 51 -16 -13 -95 -48 -37 -71 -81 5 89 -48 -79 -69 -6 5 59 45 -51 -66 -98 -24 21 85 -56 48 -27 18 
90 -15 42 -44 90 -100 -72 75 -52 31 91 -51 -69 -45 -64 -75 -94 -44 13 -48 53 2 2 49 -27 93 -64 -84 -55 90 -80 78 39 -90 37 53 82 7 49 23 79 11 60 -85 81 12 2 -66 78 -15 26 56 -14 -47 -65 55 -76 57 -8 35 -52 26 -17 96 55 -94 -72 89 -47 26 -93 62 -59 76 -22 14 100 98 39 -59 -55 59 20 47 -60 -79 -66 -80 -52 60 -25 -53 4 -33 84 -16 -85 18 98 69 24